1509073443.0
1509051310.0
1509072871.0
1509060009.0
1509076580.0
1509067877.0
1509046248.0
1509074362.0
1509058329.0
1509045598.0
1509082161.0
1509081093.0
1509054619.0
1509089234.0
1509004475.0
1509047913.0
1509054016.0
1509084094.0
1509065312.0
1509070037.0
1509058221.0
1509052584.0
1509047753.0
1509086306.0
1509054228.0
1509077563.0
1509074959.0
1509089934.0
1509049962.0
1509057965.0
1509069136.0
1509084436.0
1509058687.0
1509068783.0
1508987565.0
1509079701.0
1509044548.0
1509070278.0
1509035136.0
1509060992.0
1509066608.0
1509095812.0
1509087984.0
1509060243.0
1508973425.0
1509058814.0
1509087001.0
1509075127.0
1509059316.0
1509062865.0
1509016016.0
1509060231.0
1509072605.0
1509066265.0
1509088159.0
1509057896.0
1509079013.0
1509094404.0
1509066774.0
1509068260.0
1509060393.0
1509089851.0
1509064701.0
1509044552.0
1509014284.0
1509084858.0
1509059989.0
1509068711.0
1509058318.0
1509073856.0
1509051443.0
1508969147.0
1509079590.0
1508993059.0
1508969812.0
1509074910.0
1509079849.0
1509097247.0
1508963695.0
1508979690.0
1509074515.0
1509039560.0
1509056960.0
1509077910.0
1509085540.0
1509050296.0
1509093251.0
1508952826.0
1508990781.0
1509062076.0
1509060430.0
1509072435.0
1509072090.0
1508981307.0
1509060495.0
1509002979.0
1509064863.0
1509043037.0
1509097694.0
1509059598.0
